0.5
0.499013364214136
0.496057350657238
0.491143625364344
0.484291580564316
0.475528258147577
0.464888242944126
0.452413526233009
0.438153340021931
0.422163962751008
0.404508497187473
-3.80303427638395E-17
-2.38965739728987E-17
-3.73928318864181E-17
3.4030070428237E-17
-4.09030448400571E-17
-1.44190215323192E-17
2.89351875792931E-18
-4.11580491910257E-17
-2.48134846003722E-17
-2.17117990253257E-17
-3.50969253659628E-17
-2.94963706237716E-17
-3.51196844030874E-18
-2.67962735334137E-17
-3.76105396826532E-17
-1.74686654030864E-17
-1.06997743998249E-17
4.84924600474557E-17
6.85562717706034E-18
-2.69922972861991E-18
1.94705362943637E-17
6.73211486557079E-17
-1.55118973221846E-17
-1.04176947224628E-17
-8.81239525796218E-19
-3.71508379615193E-17
1.00440489259057E-17
-2.0268509093313E-17
-1.51545442861334E-17
-2.86992651865603E-17
-1.34267597040605E-17
-4.65461003074097E-17
-4.87249129932366E-17
