7.882465403429452788e-01
7.953680203945869831e-01
5.652060933111014984e-01
6.326074270546790945e-01
1.424057868159235740e+00
6.548247441411463310e-01
9.095542729808232529e-01
-5.577769989239051984e-01
-5.791724077721037700e-01
-8.189518179272673448e-01
1.587906273913263888e+00
4.362158269692288370e-01
-1.724870227357087504e+00
-1.132115381345307537e+00
1.364343455584056952e-01
-9.352942186813333059e-02
-1.023040488469137754e+00
8.981278666593690563e-01
4.133031364127320306e-01
-1.122414421324908346e-01
-7.880571932703328564e-01
2.824162967994668705e+00
-1.175258611564917066e+00
3.793238893436042258e-01
7.548179528342863209e-02
-5.051996505044610286e-01
6.640160626532884969e-01
-8.180546421938025836e-02
-5.026459066690545097e-01
1.029684108644492779e+00
1.088676333222870385e+00
6.712202857519727894e-01
-4.436520030548835591e-01
6.051080000066080267e-01
-8.896969927076096019e-01
5.794653422926600017e-01
-2.790199163278621164e+00
1.020135252722318864e+00
2.844944890369003332e-01
7.617104103008711657e-01
-8.074773348089168135e-01
3.985080886061234118e-01
1.750688935647227162e-01
-9.023902078359772316e-01
1.225752147114815171e+00
1.155675793362729298e+00
-6.439084017628124434e-02
8.496746161985861967e-01
-7.457895704936585990e-02
-6.600895439399068199e-01
4.355681766009707467e-01
1.295484353844048586e-01
-3.896603009221352165e-01
1.164918828474830859e+00
-1.149559799432346985e+00
6.920817244969625914e-01
4.384096041736140759e-01
-2.895866917168221644e-01
-7.049980820613714616e-02
1.567955603864800984e-01
-1.296541592722679548e+00
6.629774592525906618e-01
3.167586189357025184e+00
-3.277422956179641966e-01
-4.968760403777274792e-01
5.202412767860401521e-01
-4.956228505183572774e-02
2.758422870802026972e-01
1.307284927184990397e-01
-1.122606812696998579e+00
-1.460286540974744085e+00
-1.793184012285194751e+00
-6.448160160068491242e-01
5.473133774767713344e-01
7.071052218305585724e-01
2.248167644761252804e-01
1.033806183743567697e+00
1.548916701758963788e+00
-1.504591179179082694e+00
-6.664905897130136703e-01
1.465387464797321293e+00
6.513888545459811663e-01
-2.280999040674100975e-01
-3.546614189812200002e-01
1.395924090593551270e+00
6.240438037996498544e-01
4.928424034952685884e-01
6.614025855886561667e-01
-2.174507111546573057e+00
7.886179661822129150e-01
-6.941273875298935581e-01
2.604494681288094804e-01
8.106118052454114320e-01
-1.553942268173015506e+00
-1.658671907498195264e+00
-5.785616466857373963e-01
1.448020643876531066e+00
8.260109478376869152e-01
-7.073539755777131788e-01
8.518396969878767599e-01
-2.770853486281769570e-02
-1.503978354854619004e-01
-2.006384346511350392e-01
8.585291618043693340e-01
1.571263624074976883e+00
-5.700683462504151366e-01
-5.955325152266365274e-01
3.019261446595100651e-01
3.614845398014440020e-02
1.433033476470118250e+00
-7.184318943430636484e-01
9.177522518572753807e-01
1.441218473451399751e+00
-9.177754431482659792e-01
-1.000060656491882138e+00
-1.186344844454068514e+00
-7.953562774591498297e-01
2.170060281639766941e+00
7.773243883186645165e-02
-6.256097004531809835e-01
6.712135227720406050e-01
-2.534393395287696027e+00
5.890580732842857214e-01
-7.050383714224080396e-03
-1.652844317228720564e-02
3.226727899380191777e-01
1.242808515622832344e+00
5.292627598777471798e-01
1.050462308791205446e-01
-3.094618169083472314e-01
1.427776308437556096e+00
4.362093790293866680e-01
-4.474099297035999401e-01
-7.506278728279215384e-01
-7.863740293283226768e-01
3.788958997232197423e-01
1.501844782930189248e-01
2.033569464815092598e+00
-2.819462665566039861e-01
4.612676749248328933e-01
6.774312316899845365e-01
-1.096002230541062716e-01
-1.637443970596778930e+00
-8.908948011017757684e-01
9.957675442672089261e-01
1.582059834617229654e+00
2.825540281820456898e-02
-3.388229559122726831e-01
8.287289339345615957e-01
-1.282677137807609835e+00
-5.644285645219589975e-01
1.341397426074481647e+00
-3.448157628943779307e-01
-1.511383410413352335e+00
-2.180985160998390349e+00
-1.312031563740148732e+00
-4.547427750916138711e-01
-8.301226425745701631e-02
8.998316105660671971e-01
-9.463105818780231937e-02
-3.030646661448202495e-01
-1.135304637407719586e+00
-7.947527059115762071e-01
-1.464259696609729655e+00
-2.786119833537735957e+00
5.648538563906616572e-01
1.408022825572026737e-01
-1.239398860729200857e-01
5.303037769400918977e-01
-1.895543731846424107e+00
6.882070768583470333e-02
9.458189292852778873e-01
1.296278566928412035e+00
-6.255382647922584916e-01
-7.336241624065400480e-01
1.090250928277940679e+00
3.111433787927836980e-01
-1.607505227944785453e-01
3.854283679289978726e-01
2.597105894614779587e-01
-1.216085153939130414e+00
9.745939041532827862e-03
4.393288049767129499e-01
5.266431503022706018e-01
-4.252645824936782670e-01
2.653977240638067947e-01
-8.100138729325772058e-01
6.044111849329781433e-03
1.191519533596435032e+00
-1.190378403703759247e+00
-1.762139494967023268e+00
-1.032495159496916948e+00
5.757466877923059778e-01
-9.581500047270686826e-01
3.791122962381264228e-01
-8.761471784943168917e-01
-5.587323125786978206e-01
-2.340048405216611282e+00
1.447868630789997058e+00
1.870790500073494123e+00
4.418479116476194957e-01
-7.390551760257759728e-01
1.013125958050756115e+00
-3.150094908647478320e-01
1.014676095293398861e+00
8.179023234295014211e-01
-4.198597171893270752e-01
-4.938213479099721193e-01
1.033113466367675981e+00
1.199983040557573988e-01
7.102477277352099716e-02
-6.829878830587757799e-01
-4.505124963095638591e-01
-8.234790636335737046e-01
5.780976930510995926e-01
6.503405203460822515e-01
-1.005715009385426822e-01
1.038960747820001140e+00
-5.590582973057759419e-01
-3.897496102311084898e-01
-1.198271859723829325e+00
-5.402720572906385410e-01
-7.589873865992066149e-01
-7.550545065726340654e-01
4.855855764491346926e-01
-1.888888570423570945e+00
-1.250587253199133775e+00
1.759023677520391127e+00
-2.416014717350114527e-01
-6.505964747283957683e-01
2.017307618134716041e+00
4.629610775621865321e-02
7.492474367052379680e-01
-7.956589585748478077e-01
6.080098098804196383e-01
-3.285803739253534972e-01
7.264348747823671237e-01
-6.200856606537716864e-01
8.794361284831740677e-02
-5.297286211231038155e-01
-1.055141973718484449e-01
-1.743475938275323323e+00
8.651517334457871078e-01
-1.789626826023453521e-01
-7.932196694319471053e-01
1.300645692098200135e+00
-3.164083334599586683e-01
-1.450825468886790814e-01
7.033729587624383273e-01
-1.492946802776952686e-01
-6.677026946912582861e-02
-5.846674572751431320e-01
1.089581199793582478e+00
-6.429943931209332053e-01
6.851733649246117830e-01
1.157237444611392441e+00
-7.255095036355960758e-01
6.054432272436618412e-01
-1.587830999657309450e+00
8.653219864291625818e-01
-4.674822444054286263e-01
6.277666913827091577e-02
1.817647601814041058e+00
1.256009493434403490e-01
1.028456503365172470e+00
-1.132699748092709791e-01
1.020022302182864049e+00
5.624262806041490093e-01
1.521716262020742283e+00
5.339873953990402489e-02
7.772094078934128625e-01
-9.408555634318482158e-03
-8.826226398888198377e-01
4.840959290015937194e-02
6.805269473324402352e-01
-1.493209399434943796e+00
4.950792440500562108e-01
1.158497260364227843e+00
1.207604324829582909e+00
1.478310149426942610e+00
-1.187695568077172359e+00
-2.651130701818597557e-01
-8.527249857380345688e-01
6.291792511492845241e-01
1.832806015307289371e+00
1.975065613944312071e-01
-1.742001467985987206e+00
1.077399459822194795e-03
5.328625119568385360e-01
9.602842140965240914e-01
-1.690826194268286509e+00
2.022738294055302255e+00
2.277394576718730704e-02
2.650860771719633080e-01
3.806659448648803679e-01
3.805147249707386825e-01
8.052414739165525415e-01
5.090639918981485490e-01
-1.769347733054177363e+00
9.922181809198082902e-01
-1.647445117709128493e+00
-1.035177382777562882e-01
-9.468057163552507927e-01
9.556441754254241250e-01
-4.620398043273145627e-01
-7.772134872850571252e-01
-1.870915054084618667e-01
-7.336121633463431602e-01
-6.116974622886884871e-01
1.240987641352829796e+00
-4.898697224427644992e-01
1.500017116860441702e+00
1.838977820346947012e-01
6.459540835341025522e-01
-2.537898850088883274e-01
-1.990057065192669949e-01
4.045001243994757467e-01
-3.179493042485589949e-01
1.053294350090665299e+00
1.548010066780636018e+00
-1.248659252192777513e-01
7.394788741063323956e-01
-6.384385760256671150e-01
-8.628015534495877548e-01
1.800767873317165035e+00
-1.272815081016983818e+00
8.158883237591842974e-01
1.883076521883463750e+00
-2.826216264269661993e-01
-3.452374185434661236e-01
1.618994717096929659e+00
1.154912060645652438e+00
9.115107558924628872e-01
-1.664201397301665386e+00
-4.444057984411479145e-01
1.482553687599272418e+00
6.891451325347052181e-01
-7.456639236838267237e-01
-2.910442742892784374e+00
-5.977985592551118277e-01
-8.485655469374809856e-01
3.099725439166644558e-01
-1.802910896108391170e-01
3.528431875047894906e-01
-3.338456306979645793e-01
4.445700056520016652e-01
-7.521171651100024835e-01
1.372510145517392255e+00
-1.486060989444028424e+00
-9.493590373811992000e-01
5.677455688420475211e-01
-6.865604413524521998e-01
6.501639089183960385e-01
1.552471856205015266e+00
7.881557614043996907e-01
7.899317937595240480e-01
4.862989950800124250e-02
-1.954077921872428569e-01
3.344636839731053579e-02
1.429026340866201616e+00
-2.799006510407988646e-01
8.497261309339969593e-01
5.270224160707205341e-01
-4.269789295737034251e-01
1.226255486241217163e+00
5.260449338978954170e-01
1.429415853856770058e+00
-1.671444006475392374e+00
9.396623195884153124e-02
2.298613282339370123e-01
3.543790669712353347e-01
-5.254928588389707889e-01
9.152876728725672928e-01
7.382712864127018992e-01
-6.632503798809048501e-01
1.009258966565940607e+00
1.512741998411191835e+00
-9.109389094439217516e-01
-1.431357728418721331e+00
1.871571639906122408e+00
5.861846378325568097e-01
-1.639066545835505817e+00
-9.603129746370651088e-01
-4.572282336878212561e-02
1.917094327994996461e-01
4.827567980543530646e-01
5.059805777437473839e-01
1.239571973305965358e+00
-7.966343270207387750e-02
-1.553460597289652689e+00
7.323874641545076170e-01
3.793628417494961380e-01
7.834963757774662252e-01
8.674158759570341215e-02
4.543669687008417002e-01
-2.102865833868988454e-01
1.046514785978248874e+00
2.743144185538817781e-01
-9.229594252820517708e-01
1.049456213439079910e+00
-2.330017751248488977e+00
1.750002995714733167e+00
1.126762908351499837e+00
7.201400165512029661e-01
-1.168270184986599070e+00
-4.033224559622161642e-01
-6.394577076580237884e-02
1.664961682259802345e-01
1.976330710379038402e-01
8.683334504972363144e-01
1.805437324123392084e+00
-2.768073476910317132e-01
4.651458545651521725e-01
1.585301868919372081e+00
5.233890487451560158e-01
2.274776520495040089e+00
-9.339581405544904458e-01
7.374170611008191711e-01
-6.213463020353842126e-01
8.247520374151555422e-02
1.399697298227223739e-02
1.499517909407627747e-01
-1.645844209436247152e-01
1.739628605208872747e+00
-1.003083103784082608e+00
7.632290513157482525e-01
1.043595588943244529e-01
3.836533465760318951e-01
-1.389264203052513469e-01
-1.704790084939137185e-03
5.987861048463530844e-01
5.346542744439530120e-02
-1.422400748809107718e+00
9.017747490714866920e-01
-3.075192753829393832e-01
-1.238487946929025751e+00
1.129099278722723421e+00
-9.001932989764579451e-01
4.379094118960177306e-01
-1.487052514930995661e+00
1.161664235649463528e+00
5.489681297547982508e-01
-6.550391508500031934e-01
-2.226050356239231698e-01
-5.925155041954578428e-01
8.140622293461305947e-01
-5.765205659456141829e-01
-1.099394627203563513e+00
-2.533508192053100849e+00
8.665052895649910658e-01
-1.395465712085435239e-01
-3.468774070571628010e-01
6.540373975241384752e-01
5.117015157961921634e-01
1.376694190303275223e+00
-1.480914407633948882e+00
9.911791394459472659e-01
-1.307295746496970557e+00
-1.765573444988364493e-01
-2.542378771937272131e+00
7.295536363522230339e-01
1.356007028225143962e+00
-3.688828138441756499e-01
1.552687782872006761e-01
-1.261178132163825349e+00
-9.012783917140672063e-01
1.563778906380694778e-01
-4.938223222371488919e-01
-6.856622785301315082e-01
-1.583926693025234922e+00
-1.688373647200337890e+00
-4.913841274288149319e-01
1.612734579290096226e+00
-5.868151568390157502e-01
2.517703438196726706e-01
1.238963608597071886e+00
3.537645148353279478e-01
-1.837581524871380323e-01
-1.783328511411813588e-01
-1.382237546337003187e-01
9.900995547102019456e-01
6.152334272840824791e-01
4.017290438909656425e-01
-1.139409965603672248e+00
-1.555677344362338621e+00
-8.266040250287911562e-01
2.923346712860448449e+00
1.034523808858471394e+00
1.715713184971606187e-01
1.525520583723789958e+00
9.250336741580825750e-01
-2.876995823951009612e-01
-3.921234365526263810e-01
1.208440814702187893e+00
-5.199583682444590682e-01
-9.607271504400519690e-01
-8.699011849136424335e-01
-1.150787217684546837e-01
-6.287911553794080233e-02
8.456768486678792884e-01
-2.787659397461267341e-01
-6.499858990588887053e-01
9.617444268334387480e-01
-1.714912748035324619e-01
-4.173819935367168998e-01
-2.009473050741395816e+00
5.935621751664417189e-01
-1.014201675955465065e+00
-2.171317055100884019e+00
-6.609195200416369265e-02
-2.849688584453308193e-01
1.114400213964885644e+00
6.693836336876042292e-01
5.880002445804499711e-01
1.031402482227694373e+00
-1.350998118321986130e+00
-5.645720193040131285e-01
1.185844242108257784e+00
1.108943311860953740e+00
1.829885951966041313e+00
-2.349809172739821150e+00
8.793904236458598145e-02
2.080762008566299670e+00
-5.175169750486731113e-01
-5.727513409269396893e-01
1.816661808220021657e+00
1.229501345689268499e+00
-1.541140687090920114e+00
-4.520215406098314070e-01
1.025070855429186384e-01
-6.348880978401206798e-01
-1.626328250183007446e-02
1.077890895805678068e-01
-1.891602101758786070e+00
7.876191123082175727e-01
1.821861347831758571e-01
8.839936594503104983e-01
-1.128310275509607497e-01
-1.558005540923688426e-01
-3.156706009745190999e-01
7.493864052701064427e-02
4.511102558592429423e-02
-2.387730936104269786e-01
1.322284690431306364e+00
2.511955106484452527e-01
1.103857605679864767e-01
-3.175342223881155723e-01
-7.730418488498883578e-01
-4.435684728056782933e-01
-1.234677999326521780e+00
8.715197225271353876e-01
-3.044057152620344708e-01
7.981675808311776699e-01
6.670320997308657462e-01
3.770921125455687362e-01
-1.084978238323752064e+00
1.551534000179332740e+00
-1.854927524123963778e-01
4.904541204729787919e-04
-2.208717821149596805e+00
-1.311829783638576830e+00
-1.085966899111578954e+00
-9.801556159882903740e-01
2.387449865173663366e-01
1.854597610283344578e+00
-1.773271260169727359e+00
4.139964910868376702e-01
1.934600548883020021e+00
9.650948851189449229e-01
-5.306490750887969954e-01
-3.136641155600235487e-01
3.678179616059022439e-01
8.505851013763809920e-01
-7.208535695359150619e-01
-8.614319651850896875e-01
-8.829445502339252627e-01
-1.732162018950931248e+00
-7.196863325787465904e-01
1.071029959136978515e+00
-7.241142098537617366e-01
-1.671054653210663210e-01
2.210067335432875923e-01
1.623852888687867591e+00
-1.240437989347864756e+00
7.757658396364472964e-01
-1.731037195409363127e-01
7.109480289918866935e-01
-6.282642539504104118e-01
1.001468613255813267e+00
-1.445504290537995118e+00
8.474840476054443239e-02
7.177182954247217639e-01
-1.006431583925840645e+00
3.629257843955462359e-01
-1.265843189492845466e+00
5.101551699468021006e-01
-6.331031849768742337e-01
-1.257532093906355231e+00
-1.084814179943879742e+00
-4.143099980320356646e-01
-7.738579806583836262e-01
7.998731392963549514e-01
-9.637471050007055950e-01
-1.303389996675735407e+00
-1.945943427793050129e-01
2.727211848311759251e-02
1.899435528119375605e-01
8.169149642113721077e-02
4.143248554241519277e-01
-1.300854177312040560e+00
3.692498991724730839e-01
3.234068820435530012e-01
-7.500449208245824062e-01
-2.136665247796153688e-01
1.304502396453916857e+00
1.235797221980243915e-01
-4.615703332456514985e-01
-1.211552412626360972e-02
-9.140945210718987024e-01
8.394145570783455579e-01
5.475433108278501826e-02
3.926343360703934415e-01
-1.147052219536171203e+00
2.377422250921015223e-01
3.424071101276474072e-01
-6.264743635161341695e-01
4.500340572539628381e-01
1.793282288630011045e+00
5.632591872350704021e-01
-1.470562000631949306e+00
3.395311343261380073e-03
-6.889237250358248854e-01
9.327778571809898223e-01
9.143162497694307111e-01
-5.213371425092846456e-01
9.868637554817134561e-01
5.498000350972549050e-02
3.437274006768913370e-01
2.116356682517722465e+00
5.925818793231921733e-01
-4.182676017724641926e-01
-2.226569972092243166e+00
2.298507102271099889e+00
1.224399651940710626e-01
-1.127131855725308940e+00
-8.284622875559550792e-01
-9.754591304314161881e-01
7.425952104366142503e-01
3.035923916044163673e-01
-1.104580241995805068e+00
-2.024213734068167181e+00
-9.378667214458846768e-01
-5.457420142932856155e-01
1.548651659909218603e+00
1.219873381123776079e+00
-1.157829681431063351e+00
1.095180536940569160e+00
1.041365763270041961e-01
-9.633751755621276780e-02
-1.286777623260186187e+00
4.574441595357432722e-02
-4.351903690578687312e-01
1.027522898235446736e+00
-3.792333277341529696e-01
1.818205277149501919e-01
4.192768694607280633e-01
8.607037701505317884e-01
-2.743945558534812909e-02
-1.004633509800552105e-01
3.064714005957263065e-01
-8.988568667902117060e-01
-7.494847876345899218e-01
2.654516026237051518e-01
2.060434292311687621e+00
-1.169238126592503146e+00
-1.808422519936921935e-01
-6.445133379737404411e-01
-2.037065584699619958e+00
-1.041265594667126537e+00
-6.027181777935254336e-01
1.014534041386975449e+00
1.296723653824998768e-01
-9.512476000579083157e-01
5.749582885008801547e-01
-2.217180539061655242e+00
9.199889663602452972e-01
-2.758343611835242237e-01
-2.009591179718501763e+00
-3.608737184811119381e-01
8.656950667102107921e-01
2.300582079663132884e+00
-1.300667684975178373e+00
3.254204437844905318e-01
1.625302231834584887e+00
-1.235457063163469371e+00
4.772989708538469267e-01
2.224460852962391044e+00
-1.678076592396331224e+00
-2.466105027360590451e+00
-1.413298623370933704e+00
-7.116499360757907455e-01
-1.370163062169760027e+00
1.204659676114871125e+00
-5.764009700209323794e-01
-4.936264729523384687e-01
-1.115195396253620297e+00
7.541091324034093768e-01
-4.529517467966142630e-01
-9.490949899342200347e-01
4.246890305680212085e-01
-1.752097026787193534e-01
-1.394163387552277644e+00
-9.674075276128408785e-01
9.170398772374649399e-02
2.765513214815080723e-01
8.220513405535440077e-01
-5.030780246573903769e-01
-6.393351194231894352e-01
-3.355072503150537955e-01
1.872022922896740438e+00
7.653051506390869951e-01
4.933325434864296866e-01
2.091048682031166006e+00
1.883834729808930297e-01
-1.065850932143575625e+00
9.994066446520465385e-01
7.362413960204097219e-01
2.552461043326521573e-01
-4.806208476576680488e-01
-1.243433254329471715e+00
8.745555815436749647e-01
7.198727374775697463e-01
9.888922344242393470e-01
1.232108511536440743e+00
-7.255533599355996031e-03
-1.276647783403901837e+00
-4.080545671715877787e-01
7.709340475288545269e-01
1.244853090698834208e+00
3.658080177743059380e-01
-9.613531926716272213e-01
8.138434496390735129e-01
3.160122612761656069e-01
-1.053924716644732085e+00
-1.600577019892905017e+00
2.969217926724041501e-01
4.500917915218184406e-01
-7.402167381443861549e-01
1.550449903051775546e+00
4.994441396957939872e-01
1.344651270741784144e+00
-1.960827984462942375e+00
-3.233983283907816975e-01
-1.014713698461376934e+00
1.076712091726297116e+00
1.360976214012879382e+00
-8.504412517959679674e-01
2.147631017030496026e-01
4.500362638910788138e-01
-2.445791280573557103e+00
-1.072447122275702824e+00
-1.719895477944157758e+00
-7.755007309326394926e-01
-3.918443064772081375e-01
1.158565047233883760e+00
2.812398132501051640e-01
-5.182018966182851821e-02
9.452215518155274721e-01
-2.365885588277098078e-02
-1.328378734156078489e-01
3.932951519190625023e-01
1.874430262190887708e+00
1.979216774813643068e-02
-1.047859119353550028e+00
-1.711199086385168100e-01
-4.377319676204167176e-01
-5.539168803738417912e-01
-8.463747671230522629e-01
1.692738200792225811e+00
-8.208487796858832120e-01
-2.584289737120178954e-01
1.184234491881256623e+00
-7.199756364133476083e-01
1.703308249147425180e+00
1.049430011333009949e+00
3.230950849315490925e-01
1.018471714346490753e+00
-1.361625779007082926e+00
3.028716877066915669e-02
-5.945000731942949868e-01
-8.346636836804474657e-02
1.674519437718506198e+00
5.336672391109615887e-01
-6.172876700902949487e-01
-1.971775393339933347e+00
-5.881073174022861672e-01
-1.954271873314401109e+00
8.399449665518323727e-01
-5.428582112460503817e-01
6.245873630729087411e-02
1.480394831011078438e-01
-5.232383490536057780e-01
4.826083088928930787e-01
-4.085026164971807816e-01
-1.749947899717355204e+00
5.041044471677311734e-01
-7.217506911572879602e-01
9.708302292749236839e-01
5.931370892957943397e-01
-8.510228431927330250e-01
1.895110830152163528e-01
-1.206315905095644014e+00
6.638169379923256619e-01
1.811647776341648752e+00
-2.268345584928540770e+00
-7.856250868486063244e-01
9.331946533181375569e-01
1.079358430232625204e-01
-5.331749935069453050e-01
-1.127574903827134767e+00
-1.015338958415270693e-01
-6.590587040490486492e-01
-1.135193220064694142e+00
7.423675195332868348e-01
1.733572321951856177e+00
7.433846715133869687e-02
1.698086014457891590e-01
-9.442280367885119707e-01
-1.729705110570692594e-01
-7.599208488726864053e-01
-9.708128529454580491e-01
-5.414330548158935441e-01
2.462396339120452637e+00
-1.014179603012159037e+00
-1.081695849702889456e-01
1.629603152553268652e-01
-5.890003519754115624e-01
-6.104020245007574230e-01
-1.954124693350361763e+00
-7.668232173036421129e-01
1.994253730120099932e-01
8.112763906755270371e-01
-1.964107263178745733e+00
-1.568702783730183403e-01
3.579850061539273653e-01
-9.748657393947367245e-02
9.517781786406388500e-01
3.615832751992482108e-01
-1.105161591492159534e+00
-2.108531318987444170e+00
5.393817932018431238e-02
3.728299145177528806e-01
-7.858583065245661192e-01
-4.561644193324781438e-01
-4.242373055265132309e-01
7.875308507990697038e-01
-1.464680307764874900e+00
-1.345512236123619587e+00
5.434417501725556932e-01
-5.688133373272088456e-01
-1.218792774744873020e+00
1.822175623278798617e-01
-3.352870707315797061e-01
1.024542320887692481e+00
2.602902211959256529e-01
-7.823015765259754284e-01
2.441564186878322218e-01
7.816902010122663835e-01
1.304218533989176088e+00
-5.837069946841396684e-01
1.559410587768553347e+00
1.821625357122595323e+00
1.372263744320911805e+00
1.270714178622273316e+00
1.307530939077220733e+00
1.961640186645357553e-01
9.799379188674378627e-02
-5.039264217011425739e-02
-1.677401481856241050e+00
2.979084476512328661e-01
-9.535049536801174508e-01
4.961642894779023927e-02
-1.483314006423304354e+00
1.510492707847054028e+00
1.318685299461433758e+00
-5.291402677006588062e-01
9.692583696662157022e-01
8.880245164942173197e-01
-2.284127558423531212e+00
1.030979765443856166e+00
4.015248991033016357e-01
-8.431988533372417605e-01
-2.519155264673493821e-01
-2.737150611357188623e-01
4.318672955612676834e-01
-1.489824242218045880e+00
6.587657329850702403e-01
-5.574879326556658743e-01
-6.565926282295688754e-01
-1.325038295626987273e+00
-1.058537288062816550e+00
-5.075614960801069124e-04
4.278925956624407001e-01
-3.874198131986423266e-01
1.224470736102402979e+00
-6.164306924856527425e-01
-1.157533497555627511e+00
1.650248740961249598e-03
1.646782058977959595e+00
-5.075157026542654881e-01
-1.446192083998490530e+00
1.043968133531410825e+00
-4.705296273067830493e-01
-9.353973761083567151e-02
-2.253635689742607529e+00
9.183324130521810513e-01
9.636865721073446522e-01
1.447652313077551378e+00
1.803377137932508312e+00
-1.413170858255072604e+00
-3.427601685488081418e-01
-7.721940407478090629e-01
6.231666520766961925e-01
-7.354396110325782387e-02
-1.323101816347559634e+00
-4.913248181225634420e-02
1.165278227980113934e+00
-1.126062934321309994e+00
-1.057855954241038843e+00
6.078892626204194238e-01
8.240040147142096982e-01
1.884253924243529665e-01
1.114302958185336756e+00
-4.316844271210472650e-01
-1.989631455479188737e+00
6.827624986518754380e-01
-4.266655578645651703e-01
-1.474885791384180855e+00
9.765654555034686268e-01
-9.955936406443290781e-03
-1.110555692820412110e+00
1.364982159381320281e+00
-1.374907841221407523e+00
-6.642428361782608537e-01
-7.808031357600797584e-01
6.026972163062835897e-01
4.870821916386340322e-01
5.252193081142224607e-01
1.568498678992643613e-01
1.617385754802712350e-01
1.143964357928945602e-01
-4.544227735854257655e-01
-2.028422724377457964e+00
1.149782241735157085e+00
1.010900901644705252e+00
2.076162550338732371e-01
2.143542914873830085e+00
1.869144191973621805e-01
1.042710487848688833e-01
1.082386042575509189e+00
2.193381156330761472e-01
5.271879274122200781e-02
1.386526483819023658e+00
-1.427539585075836781e+00
-1.876343763656444438e-02
2.669819617979995452e-01
-4.533917826924853123e-01
3.830757620212692227e-02
5.998826449524639372e-03
7.056351547236011656e-01
7.294495325598797653e-01
-8.537971329339595350e-01
2.306216525728581601e+00
6.167507877239543079e-01
4.108674398272654793e-01
9.682399988189361872e-01
-8.502166254924337085e-01
-9.084929805651046353e-01
4.377738716725120272e-01
-1.247059880147803668e+00
1.566304325587327684e+00
8.736198143800811833e-01
2.822692773176769254e-01
-1.273605289905235249e+00
-8.343323423965219587e-02
2.205077235395024038e-01
2.090269918340200705e-01
4.953260740409723972e-01
-8.199791094325472596e-01
1.751250311864906095e+00
2.880081130426283553e-01
-7.208010539031911579e-01
-2.894582447747807707e-01
4.332948012891896239e-02
1.286334687588741366e+00
1.141216912918326498e+00
-4.330242480128971283e-01
-5.667613755796601094e-01
7.869666800166847942e-01
-1.021962803431015754e+00
